# ============================================================================
# Curated chrX and chrY probe lists for sex inference
#
# These character vectors are taken verbatim from the methylQC R package
# (https://github.com/brianchengithub/methylQC, MIT license) by Brian Cheng,
# which derived them from sesameDataGet("EPIC.probeInfo").
#
#   .sesame_chrY_clean   - 314 non-PAR chrY probes with cross-hybridizing
#                          probes excluded
#   .sesame_chrX_xlinked - 3,433 non-PAR X-inactivated chrX probes
#
# Used by infer_sex() in sex_inference.R. Hardcoded to avoid runtime
# dependence on sesameDataGet().
# ============================================================================

###############################################################################
.sesame_chrY_clean <- c(
  "cg00035864", "cg00050873", "cg00061679", "cg00063477", "cg00121626", "cg00212031", "cg00213748", "cg00214611", "cg00271873", "cg00272582",
  "cg00308367", "cg00311963", "cg00335297", "cg00455876", "cg00479827", "cg00576139", "cg00599377", "cg00639218", "cg00676506", "cg00679624",
  "cg00762184", "cg00789540", "cg00876332", "cg00975375", "cg01061520", "cg01073572", "cg01215343", "cg01311227", "cg01426558", "cg01463110",
  "cg01644972", "cg01757887", "cg01828798", "cg01900066", "cg01911472", "cg01984154", "cg01988452", "cg02002345", "cg02012379", "cg02050847",
  "cg02056550", "cg02105393", "cg02107461", "cg02126249", "cg02129146", "cg02233190", "cg02272584", "cg02340092", "cg02402208", "cg02522936",
  "cg02577797", "cg02582450", "cg02616328", "cg02730008", "cg02839557", "cg02842889", "cg02884332", "cg03052502", "cg03123709", "cg03155755",
  "cg03266527", "cg03359666", "cg03416979", "cg03430010", "cg03441493", "cg03443143", "cg03533500", "cg03535417", "cg03601053", "cg03672679",
  "cg03683899", "cg03695421", "cg03750315", "cg03767353", "cg03769088", "cg03827298", "cg03905640", "cg03930849", "cg04021548", "cg04042030",
  "cg04169747", "cg04170994", "cg04193779", "cg04303809", "cg04351468", "cg04448376", "cg04493908", "cg04559508", "cg04576441", "cg04691144",
  "cg04790916", "cg04817258", "cg04831594", "cg05051262", "cg05098815", "cg05128824", "cg05163709", "cg05230942", "cg05367916", "cg05378695",
  "cg05408674", "cg05480730", "cg05530472", "cg05544622", "cg05557315", "cg05608794", "cg05618150", "cg05621349", "cg05672930", "cg05725925",
  "cg05865243", "cg05890011", "cg05940236", "cg05954446", "cg05964935", "cg05999368", "cg06060201", "cg06065495", "cg06231362", "cg06237805",
  "cg06247034", "cg06322277", "cg06479204", "cg06502680", "cg06558765", "cg06576965", "cg06628792", "cg06636270", "cg06855731", "cg06865724",
  "cg07456370", "cg07607525", "cg07731488", "cg07747963", "cg07765982", "cg07795413", "cg07851521", "cg07939587", "cg08053115", "cg08160949",
  "cg08242338", "cg08258654", "cg08265308", "cg08357313", "cg08528516", "cg08593141", "cg08596608", "cg08673225", "cg08702825", "cg08715207",
  "cg08739478", "cg08816194", "cg08820785", "cg09081202", "cg09223632", "cg09228985", "cg09230658", "cg09350919", "cg09460641", "cg09546548",
  "cg09595415", "cg09728865", "cg09732580", "cg09748856", "cg09804407", "cg09829904", "cg09898573", "cg10051237", "cg10067523", "cg10076560",
  "cg10172760", "cg10213302", "cg10239257", "cg10252249", "cg10267609", "cg10338539", "cg10363397", "cg10593480", "cg10620659", "cg10646950",
  "cg10691859", "cg10698069", "cg10799208", "cg10811597", "cg10835413", "cg10841270", "cg10959847", "cg11021362", "cg11131351", "cg11225091",
  "cg11684211", "cg11816202", "cg11898347", "cg13252613", "cg13268984", "cg13308744", "cg13365400", "cg13419214", "cg13618458", "cg13654344",
  "cg13765957", "cg13805219", "cg13808036", "cg13845521", "cg13861458", "cg14005657", "cg14029254", "cg14133106", "cg14151065", "cg14157445",
  "cg14170959", "cg14180491", "cg14210405", "cg14273923", "cg14303457", "cg14442616", "cg14467015", "cg14492024", "cg14526044", "cg14671357",
  "cg14720093", "cg14741114", "cg14742615", "cg14778208", "cg14931215", "cg14933403", "cg14972466", "cg15027426", "cg15059553", "cg15197499",
  "cg15281205", "cg15329860", "cg15345074", "cg15422579", "cg15429127", "cg15462332", "cg15516537", "cg15563434", "cg15662272", "cg15682993",
  "cg15700967", "cg15746461", "cg15758480", "cg15781156", "cg15794778", "cg15810474", "cg15849038", "cg16292375", "cg16552926", "cg16626452",
  "cg16894943", "cg17430262", "cg17560699", "cg17651935", "cg17660627", "cg17741448", "cg17812515", "cg17816615", "cg17837162", "cg17913570",
  "cg17939569", "cg17972491", "cg18032798", "cg18058072", "cg18077436", "cg18085787", "cg18163559", "cg18168924", "cg18188392", "cg19244032",
  "cg20106158", "cg20256738", "cg20401549", "cg20474581", "cg20764275", "cg20864678", "cg21106100", "cg22051787", "cg23834181", "cg24393100",
  "cg24837623", "cg25012987", "cg25032547", "cg25071634", "cg25363292", "cg25427172", "cg25443613", "cg25518695", "cg25538674", "cg25667057",
  "cg25756647", "cg25815185", "cg25914522", "cg25918849", "cg26046487", "cg26058907", "cg26198148", "cg26488634", "cg26497631", "cg26517491",
  "cg26928789", "cg26983430", "cg26983535", "cg27049643", "cg27248959", "cg27254225", "cg27325772", "cg27355713", "cg27433982", "cg27443332",
  "cg27509967", "cg27545697", "cg27578568", "cg27611726")
